generation,reward,actor_loss,critic_loss,entropy_loss,diversity,loss,learning_rate,left,right,kl_diversity,cosine_actions
0,-1.15,0.68648493,0,0,0.41446528,3.035918,0.00049999985,0.75,0.25,20.723265,0.09058159
5,-0.9814583333333332,0.70096534,0,0,0.4144653,3.128954,0.00049999903,0.75,0.25,20.723267,0.99780285
10,-0.9660227272727266,0.56579375,0,0,0.41446525,2.969435,0.00049999816,0.6363636363636364,0.29545454545454547,20.723263,0.99685097
15,-0.9461999999999992,0.4632959,0,0,0.41446525,2.5808759,0.00049999735,0.54,0.3,20.723263,0.99986744
20,-1.0270999999999992,0.40360495,0,0,0.41446182,2.1752546,0.00049999653,0.44,0.2,20.723091,0.9997046
25,-1.0276999999999992,0.4030618,0,0,0.41437998,1.6482221,0.00049999566,0.46,0.16,20.719,0.99990225
30,-0.9850999999999993,0.35923767,0,0,0.37725163,1.503296,0.00049999484,0.62,0.3,18.862581,0.99994934
35,-0.8200999999999992,0.069386706,0,0,0.3868137,1.0506872,0.000499994,0.78,0.44,19.340685,0.99978244
40,-0.8214999999999993,0.050180163,0,0,0.41257608,0.96778697,0.00049999316,0.78,0.48,20.628805,0.99989414
45,-0.9444999999999992,0.32956973,0,0,0.35378054,1.0141842,0.00049999234,0.6,0.36,17.689028,0.99966955
50,-0.8633999999999992,0.23213653,0,0,0.329485,0.6458303,0.0004999915,0.58,0.36,16.47425,0.9991504
55,-0.7420999999999995,0.3080435,0,0,0.3595934,1.3345505,0.00049999065,0.56,0.32,17.97967,0.99955726
60,-0.7843999999999994,0.29435125,0,0,0.35104546,1.1284597,0.00049998984,0.6,0.34,17.552273,0.99892807
65,-0.9038999999999995,0.2305674,0,0,0.3323709,1.2500128,0.000499989,0.58,0.28,16.618546,0.99653906
70,-0.9452999999999991,0.27966598,0,0,0.29788995,1.2596912,0.00049998815,0.68,0.4,14.894498,0.9975978
75,-0.8213999999999995,0.21366422,0,0,0.30534205,1.2480751,0.00049998733,0.72,0.48,15.267102,0.99870205
80,-0.8219999999999993,0.5649,0,0,0.29947367,1.8115046,0.0004999865,0.66,0.44,14.973683,0.995252
85,-0.7413999999999994,0.40039128,0,0,0.25297642,1.0723467,0.00049998565,0.52,0.3,12.648822,0.9924064
90,-0.7399999999999993,0.55880904,0,0,0.29449236,1.576305,0.00049998483,0.44,0.24,14.724618,0.9920448
95,-0.6580999999999996,0.2622091,0,0,0.25681704,1.570113,0.000499984,0.48,0.26,12.840853,0.9925256
100,-0.7834999999999995,0.25203753,0,0,0.2404474,0.90483403,0.00049998314,0.64,0.36,12.02237,0.9872593
105,-0.9887999999999992,0.41999975,0,0,0.18498659,1.6401299,0.0004999823,0.72,0.32,9.24933,0.9776617
110,-0.9072999999999993,0.21350795,0,0,0.22572616,1.2581284,0.0004999815,0.72,0.34,11.286308,0.9742589
115,-0.9067999999999994,0.2874879,0,0,0.21415795,1.1608481,0.00049998064,0.68,0.34,10.707898,0.9783795
120,-0.9065999999999991,0.27078703,0,0,0.20267783,1.0909325,0.0004999798,0.7,0.4,10.133892,0.98313385
125,-0.8247999999999994,0.31042126,0,0,0.1720094,1.2152364,0.000499979,0.64,0.38,8.60047,0.976249
130,-0.7829999999999994,0.6209147,0,0,0.19123322,1.8636904,0.00049997814,0.6,0.34,9.561661,0.97814035
135,-0.9043999999999994,0.6102268,0,0,0.24574359,1.6978809,0.0004999773,0.56,0.36,12.28718,0.97580135
140,-0.8597999999999993,0.3541451,0,0,0.27276525,1.1437582,0.0004999765,0.5,0.28,13.638263,0.9925333
145,-0.9007999999999992,0.65635604,0,0,0.16361763,1.2762072,0.00049997563,0.4,0.2,8.1808815,0.97842956
150,-0.8583999999999995,0.73016703,0,0,0.23721555,1.447763,0.0004999748,0.38,0.16,11.860778,0.9804256
155,-0.9824999999999993,0.28675923,0,0,0.29166564,1.4945403,0.000499974,0.5,0.18,14.583282,0.98569965
160,-0.9408999999999993,0.46059874,0,0,0.20971534,1.4017179,0.00049997313,0.56,0.2,10.485767,0.9871775
165,-0.8190999999999993,0.2321388,0,0,0.22449046,0.70708036,0.0004999723,0.6,0.34,11.224524,0.974878
170,-0.7370999999999995,0.3447562,0,0,0.21564089,1.0406941,0.0004999715,0.54,0.32,10.782044,0.9797142
175,-0.8228999999999995,0.39540958,0,0,0.23981811,1.5373282,0.0004999706,0.5,0.24,11.990906,0.97519827
180,-0.7820999999999994,0.1285353,0,0,0.2687368,1.0487537,0.0004999698,0.42,0.18,13.43684,0.9921675
185,-0.7822999999999994,0.17981781,0,0,0.1866417,1.223254,0.00049996894,0.36,0.16,9.332085,0.9760891
190,-0.7821999999999996,0.45047516,0,0,0.21955916,1.2655625,0.0004999681,0.36,0.14,10.977959,0.9826603
195,-0.8635999999999995,0.40781307,0,0,0.23313001,1.6381819,0.0004999673,0.48,0.18,11.656501,0.9830966
200,-1.0281999999999991,0.20180164,0,0,0.19375528,1.2341002,0.00049996644,0.62,0.26,9.687764,0.9693142
205,-1.0271999999999992,0.3766009,0,0,0.22991516,1.8047436,0.0004999656,0.64,0.28,11.495758,0.98320705
210,-0.9051999999999992,0.17777525,0,0,0.18448974,0.9465163,0.0004999648,0.58,0.22,9.224487,0.96745205
215,-0.9040999999999993,0.060923554,0,0,0.2065464,0.9083015,0.00049996393,0.48,0.24,10.32732,0.9813447
220,-0.8620999999999994,0.054511465,0,0,0.19127883,0.92478955,0.0004999631,0.46,0.3,9.563942,0.9825659
225,-0.8641999999999993,0.052855976,0,0,0.24273804,0.8569888,0.0004999623,0.42,0.3,12.136902,0.98147243
230,-0.8642999999999994,0.06840375,0,0,0.22472328,0.6787174,0.00049996143,0.34,0.14,11.236164,0.9852071
235,-1.1097999999999992,0.02785046,0,0,0.2159379,0.89933145,0.0004999606,0.36,0.02,10.796895,0.97964454
240,-1.069099999999999,0.06686481,0,0,0.2558863,0.95311594,0.0004999598,0.36,0.12,12.794314,0.9890604
245,-0.9435999999999993,0.30386963,0,0,0.22770183,0.8154699,0.00049995893,0.46,0.2,11.385092,0.99247116
250,-0.7754999999999995,0.03327023,0,0,0.22224508,1.4396203,0.0004999581,0.5,0.3,11.112254,0.9922834
255,-0.8576999999999994,0.16638027,0,0,0.21758537,1.1995139,0.0004999573,0.46,0.24,10.879269,0.98614144
260,-1.0264999999999993,0.039654724,0,0,0.1961537,0.6803539,0.0004999564,0.3,0.14,9.807685,0.9741943
265,-0.9027999999999992,0.1130438,0,0,0.20573677,0.5853106,0.0004999556,0.24,0.14,10.286839,0.99167097
270,-0.9025999999999993,0.117067985,0,0,0.19014078,0.52776724,0.0004999548,0.34,0.2,9.507039,0.98513883
275,-0.8196999999999994,0.22407499,0,0,0.18087098,0.9260311,0.0004999539,0.36,0.2,9.04355,0.9728223
280,-0.9435999999999993,0.39044693,0,0,0.20378685,1.0063047,0.0004999531,0.4,0.18,10.1893425,0.98463416
285,-0.9844999999999992,0.032579597,0,0,0.2726348,0.9366232,0.0004999523,0.36,0.18,13.631741,0.9878151
290,-0.9444999999999993,0.022761187,0,0,0.24784131,0.45817202,0.0004999514,0.32,0.14,12.392066,0.9895668
295,-0.9434999999999992,0.21304521,0,0,0.1838967,0.5197601,0.0004999506,0.32,0.12,9.194836,0.97850096
300,-0.9049999999999995,0.60766655,0,0,0.2186156,2.3152525,0.0004999498,0.38,0.16,10.93078,0.9879998
305,-0.9073999999999992,0.0767021,0,0,0.10309882,1.5766857,0.0004999489,0.42,0.18,5.154941,0.99230623
310,-0.9059999999999994,0.73062783,0,0,0.21143733,2.0767365,0.0004999481,0.42,0.2,10.571867,0.9910822
315,-1.024899999999999,0.50498134,0,0,0.1680964,1.5369554,0.0004999473,0.44,0.2,8.4048195,0.99104667
320,-0.9008999999999991,0.13979821,0,0,0.2129833,1.119302,0.0004999464,0.34,0.16,10.649165,0.9974622
325,-0.8184999999999993,0.46062282,0,0,0.21133001,1.217278,0.0004999456,0.46,0.18,10.566501,0.99539584
330,-0.9833999999999993,0.34126875,0,0,0.17337385,0.8837962,0.0004999448,0.4,0.16,8.668693,0.9946221
335,-1.0256999999999992,0.03513856,0,0,0.24843055,1.0950105,0.0004999439,0.34,0.14,12.421528,0.9991298
340,-0.9872999999999993,0.15258484,0,0,0.19023426,1.3002492,0.0004999431,0.22,0.1,9.511713,0.9938384
345,-0.8231999999999993,0.11682071,0,0,0.23849311,1.1222109,0.0004999423,0.32,0.18,11.924656,0.9957384
350,-0.6142999999999996,0.16808507,0,0,0.23958012,0.8120253,0.0004999414,0.44,0.34,11.979007,0.99761397
355,-0.7335999999999996,0.22373356,0,0,0.25477856,1.3382437,0.0004999406,0.62,0.4,12.738929,0.99735856
360,-0.6530999999999995,0.096152626,0,0,0.22606325,1.7610021,0.0004999398,0.58,0.3,11.303163,0.9970244
365,-0.6521999999999994,0.27769333,0,0,0.19859248,1.2782722,0.00049993896,0.34,0.12,9.929625,0.996907
370,-0.5266999999999997,0.14864801,0,0,0.23092273,1.5894213,0.00049993815,0.18,0.1,11.546137,0.9983667
375,-0.40159999999999985,0.4199285,0,0,0.23526499,1.4828987,0.0004999373,0.2,0.18,11.763249,0.99657327
380,-0.07149999999999998,0.42950732,0,0,0.20665321,1.9982074,0.00049993646,0.28,0.32,10.332661,0.9946951
385,0.3481000000000001,0.38014272,0,0,0.26521653,1.8097439,0.00049993565,0.46,0.5,13.260826,0.99542385
390,0.3543,0.6313593,0,0,0.20211904,2.9849393,0.0004999348,0.38,0.32,10.105952,0.9935429
395,0.26879999999999993,0.7136145,0,0,0.28607756,2.4601681,0.00049993396,0.14,0.1,14.303879,0.9976585
400,0.47819999999999996,0.7034847,0,0,0.2039928,2.432703,0.00049993314,0.04,0.04,10.19964,0.9962629
405,0.6480999999999996,0.48929882,0,0,0.21698989,2.21742,0.00049993227,0.18,0.12,10.849495,0.9936427
410,0.8217999999999998,0.52991676,0,0,0.20622693,1.9973463,0.00049993146,0.18,0.18,10.311347,0.98646355
415,0.7796,0.9361616,0,0,0.20211416,2.9404752,0.00049993064,0.22,0.32,10.105708,0.9900236
420,0.8633000000000002,0.6479836,0,0,0.2023414,2.3392594,0.00049992977,0.22,0.54,10.11707,0.99280655
425,0.8228,0.44097233,0,0,0.26554206,1.9253888,0.00049992895,0.2,0.64,13.277103,0.99088013
430,0.8619999999999999,0.5570296,0,0,0.24123567,2.2721896,0.00049992814,0.08,0.46,12.061784,0.99153095
435,0.8189,0.7525088,0,0,0.2517578,2.7000346,0.00049992726,0.08,0.24,12.587891,0.9920448
440,0.7772000000000002,0.635995,0,0,0.2539079,2.3096972,0.00049992645,0.08,0.16,12.695395,0.98246205
445,0.7363000000000001,0.38683778,0,0,0.23114811,2.0557365,0.00049992563,0.1,0.3,11.557405,0.98356056
450,0.6534,0.55410933,0,0,0.18574587,2.0507157,0.00049992476,0.24,0.5,9.287293,0.95703244
455,0.7375000000000002,0.28817627,0,0,0.20864841,1.5385025,0.00049992395,0.2,0.42,10.432421,0.9597411
460,0.8202999999999999,0.42218226,0,0,0.24540024,1.8400836,0.00049992313,0.08,0.46,12.270012,0.9586861
465,0.8611,0.33605117,0,0,0.25295994,1.8738391,0.00049992226,0.2,0.62,12.647998,0.9598701
470,0.8633,0.37749586,0,0,0.20961694,1.7029217,0.00049992144,0.38,0.84,10.480847,0.8928832
475,0.4874,0.18550447,0,0,0.23354575,1.07167,0.0004999206,0.66,0.92,11.677288,0.9369401
480,0.5721999999999997,0.29893687,0,0,0.16241808,1.6426407,0.00049991976,0.86,0.96,8.120904,0.9482649
485,0.7001000000000001,0.17189543,0,0,0.20608518,0.9761493,0.00049991894,0.76,0.94,10.304259,0.9104133
490,0.8253000000000001,0.14931239,0,0,0.17778267,1.2440896,0.0004999181,0.5,0.68,8.889133,0.8385165
495,0.6997000000000001,0.5256092,0,0,0.19068904,1.8044596,0.00049991725,0.28,0.4,9.534452,0.9021778
500,0.45060000000000017,0.4147731,0,0,0.18501644,1.9502511,0.00049991644,0.18,0.18,9.250822,0.89597446
505,0.48919999999999986,1.0022565,0,0,0.18806759,2.6334736,0.0004999156,0.12,0.04,9.403379,0.94726974
510,0.6975999999999998,0.38502502,0,0,0.185569,1.9583728,0.00049991475,0.42,0.32,9.27845,0.9525906
515,0.8616999999999999,0.7442934,0,0,0.21031716,1.7097807,0.00049991393,0.76,0.7,10.515859,0.955382
520,0.7795000000000002,0.43396777,0,0,0.17546806,1.565615,0.00049991306,0.94,0.86,8.773403,0.9267652
525,0.7809999999999998,0.61129284,0,0,0.25409803,1.5430564,0.00049991225,0.9,0.66,12.704902,0.96659756
530,0.7863,0.45551723,0,0,0.26776713,1.1936414,0.00049991143,0.92,0.62,13.388357,0.9300722
535,0.8702000000000001,0.10784121,0,0,0.22118004,1.0857356,0.00049991056,0.94,0.82,11.059002,0.93200034
540,0.8686000000000003,0.20640421,0,0,0.22189003,0.9308576,0.00049990974,0.94,0.9,11.0945015,0.95063084
545,0.9549000000000001,0.085191034,0,0,0.22619912,1.3750255,0.0004999089,0.94,0.64,11.309957,0.9791821
550,0.9549000000000001,0.13161038,0,0,0.1920171,2.044671,0.00049990806,0.94,0.34,9.600855,0.88889045
555,0.9521999999999998,0.17839837,0,0,0.20284589,1.3184377,0.00049990724,0.9,0.18,10.142295,0.9460842
560,0.9086,0.8969526,0,0,0.23589265,1.808084,0.0004999064,0.88,0.16,11.794633,0.96899253
565,0.9107000000000002,0.20528784,0,0,0.1937741,1.0231242,0.00049990555,0.9,0.2,9.688705,0.90585744
570,0.8277000000000001,0.043613896,0,0,0.19141363,1.1838113,0.00049990474,0.98,0.36,9.570682,0.9009606
575,0.7011000000000002,0.3992315,0,0,0.15360104,1.4490814,0.0004999039,1.0,0.52,7.680052,0.79338735
580,0.7024000000000001,0.11774423,0,0,0.21778525,1.0931641,0.00049990305,1.0,0.7,10.889263,0.89151883
585,0.8294000000000001,0.08752868,0,0,0.20249261,0.9885639,0.00049990223,1.0,0.86,10.124631,0.91378117
590,0.9576000000000005,0.17871012,0,0,0.20502986,1.1355519,0.0004999014,1.0,0.96,10.251493,0.89935434
595,0.9563000000000004,0.21123642,0,0,0.25712955,1.5098189,0.00049990055,1.0,1.0,12.856478,0.914523
600,0.9149000000000005,1.0140667,0,0,0.20255016,5.037408,0.00049989973,1.0,0.96,10.127508,0.8892509
605,0.9156000000000003,0.07226063,0,0,0.19594528,1.6829711,0.0004998989,1.0,0.96,9.797264,0.9813969
610,0.8737,0.24324484,0,0,0.2169121,1.7073616,0.00049989804,1.0,0.98,10.845606,0.9722705
615,0.7018,0.80471456,0,0,0.22183011,2.6773741,0.0004998972,1.0,0.98,11.091506,0.90701866
620,0.6586999999999997,0.4634519,0,0,0.22531636,1.4811755,0.0004998964,1.0,0.8,11.265819,0.9672512
625,0.49279999999999996,0.86161435,0,0,0.17509115,2.8155475,0.00049989554,0.76,0.4,8.754558,0.9022881
630,0.19599999999999987,0.5079244,0,0,0.20022374,2.2552893,0.0004998947,0.5,0.08,10.011188,0.9469565
635,0.24009999999999998,0.58471835,0,0,0.19412827,2.0114055,0.0004998939,0.58,0.26,9.706414,0.9710891
640,0.6633,0.34099215,0,0,0.22304115,1.9391156,0.00049989304,0.92,0.64,11.152058,0.9787241
645,0.8348000000000007,0.9744783,0,0,0.19417623,2.5218048,0.0004998922,1.0,0.96,9.708812,0.9781532
650,0.8333000000000002,0.7063779,0,0,0.19776624,2.2546039,0.0004998914,1.0,0.86,9.888312,0.9859501
655,0.9608000000000005,0.49066395,0,0,0.20076282,2.0217514,0.00049989054,1.0,0.82,10.038141,0.9512929
660,0.9179000000000004,0.10644469,0,0,0.22571853,1.1821078,0.0004998897,1.0,0.86,11.285927,0.9717591
665,0.9171000000000004,0.12154213,0,0,0.14620872,1.0255916,0.0004998889,1.0,0.96,7.310436,0.92319405
670,0.8326000000000003,0.36274725,0,0,0.1943598,0.9022162,0.00049988803,1.0,0.96,9.71799,0.9625338
675,0.8746000000000003,0.4881726,0,0,0.24976063,1.9290061,0.0004998872,1.0,0.98,12.488031,0.9780512
680,0.9166000000000003,0.28046048,0,0,0.16301727,1.0771939,0.0004998864,1.0,0.98,8.150864,0.95575345
685,0.9607000000000006,0.5314542,0,0,0.21086568,1.8043222,0.00049988553,1.0,1.0,10.543284,0.97051734
690,0.9624000000000007,0.5138616,0,0,0.14161268,1.0716658,0.0004998847,1.0,1.0,7.080634,0.96275014
695,0.9624000000000005,0.15805231,0,0,0.15458137,1.3861074,0.0004998839,0.96,0.96,7.7290683,0.93001926
700,0.9628000000000008,0.20124729,0,0,0.16698363,1.121792,0.000499883,0.94,0.94,8.349182,0.9008283
705,0.9625000000000006,0.21201609,0,0,0.17987403,1.423267,0.0004998822,0.96,0.96,8.993702,0.95050186
710,0.9200000000000007,0.27612117,0,0,0.1430943,1.138695,0.0004998814,0.98,0.98,7.154715,0.9422036
715,0.8346000000000003,0.19448055,0,0,0.14145224,0.85278696,0.0004998805,0.88,0.88,7.072612,0.9515294
720,0.7505000000000003,0.2208853,0,0,0.15184201,1.0386344,0.0004998797,0.84,0.82,7.592101,0.9643638
725,0.7503000000000002,0.36402276,0,0,0.18838488,1.6706455,0.0004998789,0.74,0.78,9.419244,0.9135764
730,0.8360000000000005,0.31204522,0,0,0.16638722,1.0645748,0.000499878,0.8,0.88,8.319361,0.9189047
735,0.8781000000000004,0.638044,0,0,0.15974982,1.404074,0.0004998772,0.74,0.82,7.987491,0.93054533
740,0.9199000000000006,0.2815298,0,0,0.16080567,0.74518037,0.0004998764,0.64,0.7,8.040284,0.9491164
745,0.9628000000000009,0.47237825,0,0,0.12915649,1.0868533,0.0004998755,0.5,0.56,6.4578247,0.87835085
750,0.9636000000000007,0.24755837,0,0,0.16277848,0.8853817,0.0004998747,0.36,0.38,8.138925,0.9507103
755,0.9628000000000003,0.33106622,0,0,0.20680973,0.80639255,0.0004998739,0.24,0.28,10.340487,0.9646977
760,0.9622000000000004,0.21017788,0,0,0.12892811,0.87864476,0.000499873,0.14,0.14,6.446406,0.9075437
765,0.8768000000000002,0.05198441,0,0,0.1592978,0.57796633,0.0004998722,0.06,0.08,7.9648895,0.95802623
770,0.7932000000000003,0.49864882,0,0,0.11923376,1.4261934,0.0004998714,0.02,0.08,5.961688,0.93516386
775,0.6668999999999999,0.20437925,0,0,0.17248596,1.0981247,0.0004998705,0.08,0.1,8.624298,0.9699163
780,0.7094000000000003,0.30929533,0,0,0.15146503,1.1257846,0.0004998697,0.22,0.06,7.5732517,0.88436645
785,0.7934000000000002,0.44552377,0,0,0.13108395,1.992377,0.0004998689,0.36,0.06,6.5541973,0.9089868
790,0.9209000000000007,0.81644326,0,0,0.15120815,1.6614742,0.000499868,0.4,0.12,7.5604076,0.91854626
795,0.9626000000000006,0.22823724,0,0,0.13619709,1.5021654,0.0004998672,0.52,0.2,6.8098545,0.9039848
800,0.9630000000000006,0.17093092,0,0,0.11782674,0.6913131,0.0004998664,0.66,0.2,5.891337,0.9041884
805,0.9636000000000009,0.15880343,0,0,0.16962981,1.3072138,0.0004998655,0.72,0.12,8.481491,0.93878937
810,0.7519000000000008,0.77299386,0,0,0.15074934,2.0093994,0.0004998647,0.8,0.38,7.537467,0.9060909
815,0.49750000000000016,0.20338151,0,0,0.1855943,1.9996309,0.0004998639,0.92,0.68,9.279716,0.957017
820,0.5393999999999999,0.069585614,0,0,0.1811781,1.0041381,0.000499863,0.78,0.54,9.058905,0.9374551
825,0.9199000000000005,0.91904336,0,0,0.13621704,2.5353694,0.0004998622,0.4,0.18,6.810852,0.9120735
830,0.9630000000000009,0.78393716,0,0,0.20186785,1.4122922,0.0004998614,0.3,0.02,10.093392,0.96965724
835,0.9634000000000009,0.37725726,0,0,0.17482683,1.3855819,0.0004998605,0.4,0.04,8.741342,0.97903216
840,0.9630000000000009,0.087366246,0,0,0.20407882,0.9212122,0.0004998597,0.6,0.06,10.203941,0.98058283
845,0.9618000000000003,0.68771434,0,0,0.16221313,1.4769483,0.00049985887,0.52,0.08,8.110657,0.973354
850,0.9620000000000006,0.44546166,0,0,0.21017022,1.4919186,0.000499858,0.28,0.04,10.508512,0.9204729
855,0.9617000000000004,0.55223197,0,0,0.18614738,1.3672265,0.0004998572,0.28,0.02,9.307369,0.96156406
860,0.9619000000000005,0.115996405,0,0,0.112495966,0.88896096,0.00049985637,0.4,0.02,5.6247983,0.8823824
865,0.9622000000000004,0.057842802,0,0,0.1526008,0.48514733,0.0004998555,0.48,0.12,7.63004,0.9571899
870,0.9630000000000009,0.26966923,0,0,0.13365427,0.9547471,0.0004998547,0.5,0.1,6.6827135,0.90762615
875,0.9636000000000007,0.3467164,0,0,0.11149107,0.60385567,0.00049985386,0.48,0.08,5.5745535,0.8823394
880,0.9636000000000009,0.015467638,0,0,0.12594377,0.55615526,0.000499853,0.34,0.02,6.2971883,0.9240475
885,0.9636000000000007,0.052328315,0,0,0.12200301,0.65388507,0.0004998522,0.22,0.06,6.1001506,0.8416962
890,0.8784000000000007,0.30875587,0,0,0.13588613,0.69863945,0.00049985136,0.3,0.1,6.7943068,0.9146925
895,0.6663000000000002,0.21325631,0,0,0.1309673,0.6957529,0.0004998505,0.44,0.12,6.5483656,0.93525064
900,0.5396,0.673467,0,0,0.14130841,3.11113,0.0004998497,0.58,0.1,7.065421,0.85547674
905,0.708,0.3337483,0,0,0.12967654,1.7103941,0.00049984886,0.74,0.24,6.4838266,0.9299626
910,0.8772000000000004,0.52542174,0,0,0.09888004,1.2056422,0.000499848,0.72,0.48,4.944002,0.85498977
915,0.963400000000001,0.1141229,0,0,0.16061102,0.5912145,0.00049984717,0.42,0.4,8.030551,0.95993984
920,0.9636000000000007,0.022754852,0,0,0.14992343,0.9907645,0.00049984636,0.1,0.1,7.496172,0.96769166
925,0.9634000000000007,0.07883725,0,0,0.18745996,0.79047966,0.0004998455,0.16,0.16,9.372998,0.9641908
930,0.9630000000000009,0.15842275,0,0,0.16218391,0.84264374,0.00049984467,0.36,0.32,8.109196,0.9658577
935,0.9209000000000007,0.047551394,0,0,0.18698353,0.86959916,0.00049984385,0.44,0.4,9.349176,0.97724843
940,0.9211000000000007,0.16117284,0,0,0.20844766,1.0512146,0.000499843,0.36,0.36,10.422383,0.9895764
945,0.9205000000000009,0.08678719,0,0,0.2023465,0.6342577,0.00049984216,0.12,0.12,10.117326,0.96814275
950,0.9630000000000009,0.23157261,0,0,0.1776331,1.1042163,0.00049984135,0.04,0.04,8.881656,0.9755554
955,0.9207000000000007,0.25761348,0,0,0.11803646,0.99794745,0.0004998405,0.26,0.22,5.901823,0.95032674
960,0.9201000000000005,0.32067412,0,0,0.13638222,0.88357764,0.00049983966,0.48,0.42,6.8191113,0.9704532
965,0.8776000000000005,0.17205334,0,0,0.21434581,0.74019074,0.00049983885,0.7,0.66,10.717291,0.99112225
970,0.9201000000000006,0.17253312,0,0,0.1543586,1.0973717,0.000499838,0.82,0.82,7.7179303,0.97395396
975,0.9619000000000006,0.27271926,0,0,0.17287937,1.3013734,0.00049983716,0.68,0.68,8.643969,0.968227
980,0.9617000000000006,0.08191425,0,0,0.13963038,0.46861586,0.00049983634,0.3,0.3,6.9815187,0.9605563
985,0.8348000000000004,0.29577446,0,0,0.17650653,0.7695924,0.00049983547,0.06,0.06,8.825327,0.98385036
990,0.7084,0.15818694,0,0,0.09612122,2.2411406,0.00049983466,0.14,0.14,4.8060613,0.9420767
995,0.539,0.30756155,0,0,0.17950355,1.0377538,0.00049983384,0.22,0.22,8.975178,0.9734917
1000,0.3704000000000001,0.21710424,0,0,0.10650308,0.849133,0.00049983297,0.26,0.22,5.325154,0.918182
1005,0.3280999999999999,0.19895129,0,0,0.12608172,1.0011306,0.00049983215,0.08,0.08,6.304086,0.94291943
1010,0.28379999999999994,0.11564135,0,0,0.17275855,0.6463802,0.00049983134,0.12,0.16,8.637928,0.9764384
1015,0.538,0.4818091,0,0,0.17297488,2.3020618,0.00049983046,0.42,0.42,8.648745,0.98321915
1020,0.4532,0.92380637,0,0,0.1744981,2.7488267,0.00049982965,0.76,0.72,8.724905,0.94911027
1025,0.6653,0.49364844,0,0,0.19796859,2.160304,0.00049982884,0.92,0.88,9.89843,0.97682387
1030,0.7920000000000005,0.35962015,0,0,0.14202079,2.2818542,0.00049982796,0.66,0.6,7.10104,0.9303446
1035,0.8770000000000006,0.08858156,0,0,0.13000244,1.9097116,0.00049982715,0.34,0.3,6.500122,0.9365299
1040,0.8782000000000003,0.31303102,0,0,0.14794451,2.0410187,0.00049982633,0.12,0.06,7.397226,0.9426855
1045,0.9624000000000005,1.0986015,0,0,0.19950491,2.3119228,0.00049982546,0.1,0.1,9.975245,0.9716314
1050,0.9630000000000009,0.5679967,0,0,0.21123178,2.2157567,0.00049982464,0.08,0.08,10.561589,0.9644603
1055,0.9626000000000008,0.5892953,0,0,0.14878723,1.893121,0.00049982383,0.32,0.32,7.4393616,0.94094855
1060,0.9604000000000005,0.5605023,0,0,0.22101364,2.66258,0.00049982296,0.52,0.52,11.050682,0.9718586
1065,0.9600000000000005,0.45192206,0,0,0.16234712,2.156369,0.00049982214,0.5,0.5,8.117356,0.9531354
1070,0.8752000000000005,0.33045927,0,0,0.15258715,2.3006697,0.0004998213,0.58,0.58,7.6293573,0.9645991
1075,0.8782000000000006,0.27224955,0,0,0.2127909,1.3787243,0.00049982045,0.74,0.74,10.639545,0.9834192
1080,0.9628000000000004,0.2485895,0,0,0.1531307,1.5488777,0.00049981964,0.76,0.76,7.656535,0.9679069
1085,0.9201000000000008,0.6121785,0,0,0.16303806,1.549254,0.0004998188,0.74,0.74,8.151903,0.9789071
1090,0.9193000000000003,0.31581184,0,0,0.20946422,1.6219876,0.00049981795,0.84,0.84,10.473211,0.98898995
1095,0.8768000000000004,0.077418014,0,0,0.2013169,1.2202184,0.00049981714,1.0,1.0,10.065845,0.9847498
1100,0.9187000000000005,0.23333596,0,0,0.12738658,1.3529915,0.0004998163,1.0,1.0,6.3693295,0.9688685
1105,0.8766000000000005,0.6581248,0,0,0.2124194,1.9539479,0.00049981545,0.98,0.98,10.620971,0.9663347
1110,0.7914000000000004,0.2591103,0,0,0.13894245,1.6484457,0.00049981463,0.88,0.92,6.9471226,0.94192517
1115,0.7487000000000001,0.19175728,0,0,0.12865981,1.9418607,0.0004998138,0.74,0.78,6.432991,0.9450787
1120,0.7914000000000001,0.40260145,0,0,0.17461313,1.1410369,0.000499813,0.48,0.5,8.730657,0.974185
1125,0.6633000000000001,0.46073088,0,0,0.1617936,1.8173662,0.00049981213,0.2,0.18,8.089681,0.9524703
1130,0.6653,0.056954585,0,0,0.13671745,1.2523907,0.0004998113,0.16,0.16,6.8358727,0.9653656
1135,0.7940000000000002,0.12940875,0,0,0.15116453,0.79705095,0.0004998105,0.42,0.42,7.5582266,0.9624764
1140,0.9199000000000005,0.11935576,0,0,0.13691549,0.74028826,0.0004998096,0.58,0.6,6.8457747,0.9713795
1145,0.9620000000000007,0.8280811,0,0,0.15419552,1.9533341,0.0004998088,0.42,0.44,7.7097764,0.94638723
1150,0.9614000000000005,0.29350096,0,0,0.165385,1.1204644,0.000499808,0.34,0.36,8.26925,0.95538294
1155,0.9615000000000002,0.03859792,0,0,0.18169206,0.8420879,0.0004998071,0.6,0.58,9.084603,0.9638803
1160,0.9607000000000002,0.08579393,0,0,0.13139468,0.7527031,0.0004998063,0.82,0.8,6.5697346,0.9608511
1165,0.9616000000000006,0.16874811,0,0,0.1613402,1.0221853,0.0004998055,0.7,0.68,8.067011,0.97966117
1170,0.9620000000000006,0.05552218,0,0,0.1297607,1.2833973,0.0004998046,0.5,0.5,6.4880347,0.9409975
1175,0.9203000000000007,0.19420841,0,0,0.13282458,0.84402627,0.0004998038,0.6,0.58,6.6412296,0.9473306
1180,0.9197000000000004,0.059723835,0,0,0.117964596,0.47087902,0.000499803,0.66,0.62,5.89823,0.95130444
1185,0.9618000000000007,0.48522064,0,0,0.13736339,0.9430461,0.0004998021,0.56,0.54,6.8681693,0.9341937
1190,0.9628000000000009,0.10691472,0,0,0.14579667,0.67612815,0.0004998013,0.44,0.42,7.2898335,0.9513847
1195,0.9634000000000006,0.2497811,0,0,0.13491249,0.9172654,0.0004998005,0.52,0.5,6.7456245,0.9446782
1200,0.9627000000000007,0.10102709,0,0,0.13273238,0.7797525,0.0004997996,0.66,0.62,6.636619,0.95665944
1205,0.9194000000000007,0.05689091,0,0,0.16176178,0.7008316,0.0004997988,0.54,0.54,8.088089,0.9665458
1210,0.9187000000000003,0.28297892,0,0,0.15236865,0.78671515,0.000499798,0.3,0.34,7.618433,0.95190746
1215,0.8756000000000007,0.029508945,0,0,0.14997552,0.60286546,0.0004997971,0.2,0.24,7.4987764,0.9636637
1220,0.5344000000000001,0.19504486,0,0,0.16050005,1.3169229,0.0004997963,0.22,0.28,8.0250025,0.9689964
1225,0.3234999999999999,0.23724958,0,0,0.16805215,1.2414157,0.0004997955,0.24,0.3,8.402608,0.98303443
1230,0.45159999999999995,0.3856856,0,0,0.14627033,1.7841461,0.0004997946,0.26,0.24,7.3135166,0.96190655
1235,0.7928000000000002,0.32445544,0,0,0.13106461,1.2096155,0.0004997938,0.32,0.22,6.553231,0.96024746
1240,0.9197000000000005,0.5391549,0,0,0.19922577,1.6371179,0.000499793,0.46,0.28,9.961288,0.98437583
1245,0.9633000000000008,0.08554273,0,0,0.13531695,0.92217165,0.0004997921,0.46,0.32,6.765848,0.9619147
1250,0.9625000000000006,0.2621257,0,0,0.14571543,0.9216878,0.0004997913,0.48,0.4,7.285772,0.9682026
1255,0.9621000000000005,0.30946767,0,0,0.15655239,1.2320986,0.0004997905,0.38,0.34,7.8276196,0.98571926
1260,0.7928000000000007,0.17240325,0,0,0.15136439,1.4657695,0.0004997896,0.38,0.32,7.568219,0.9750029
1265,0.6208,0.4246311,0,0,0.22149089,1.66449,0.0004997888,0.38,0.4,11.074545,0.97858256
1270,0.5774999999999999,0.35546124,0,0,0.20681418,1.4526498,0.000499788,0.5,0.52,10.34071,0.9893286
1275,0.6221999999999999,0.5386608,0,0,0.124486126,1.7835795,0.0004997871,0.6,0.58,6.2243066,0.9479879
1280,0.7079000000000001,0.73813516,0,0,0.20221952,1.8603277,0.0004997863,0.68,0.64,10.110976,0.9734305
1285,0.9220000000000009,0.19241092,0,0,0.17889816,1.2610388,0.00049978547,0.54,0.52,8.944908,0.9756994
1290,0.9211000000000006,0.6860308,0,0,0.18317716,1.5076305,0.0004997846,0.48,0.46,9.158858,0.98443246
1295,0.8787000000000007,0.3368979,0,0,0.130474,2.1218414,0.0004997838,0.46,0.42,6.5237,0.95089674
1300,0.8779000000000005,0.6180126,0,0,0.12513341,1.8196067,0.00049978297,0.44,0.4,6.2566705,0.957724
1305,0.9207000000000005,0.6232792,0,0,0.15276942,1.5446258,0.0004997821,0.38,0.36,7.638471,0.962564
1310,0.9207000000000007,0.4979023,0,0,0.1446905,1.5919588,0.0004997813,0.28,0.26,7.234525,0.9709485
1315,0.8784000000000006,0.509889,0,0,0.12907325,1.2787565,0.00049978046,0.18,0.16,6.4536624,0.98384845
1320,0.9207000000000007,0.38086957,0,0,0.17057447,1.2322774,0.0004997796,0.18,0.18,8.528724,0.97144014
1325,0.9211000000000007,0.16252209,0,0,0.14403293,0.87774146,0.0004997788,0.32,0.32,7.2016463,0.9718605
1330,0.9205000000000005,0.055842035,0,0,0.15070085,0.65923196,0.00049977796,0.4,0.4,7.535043,0.97841704
1335,0.8784000000000008,0.054249797,0,0,0.13454841,1.0852801,0.0004997771,0.58,0.56,6.727421,0.9389918
1340,0.8357000000000007,0.18862791,0,0,0.15773916,1.3941411,0.0004997763,0.7,0.66,7.886958,0.95136034
1345,0.7926000000000007,0.53226215,0,0,0.118910365,1.9624746,0.00049977546,0.66,0.6,5.9455185,0.9293918
1350,0.8762000000000004,0.8076896,0,0,0.21976936,1.7298892,0.0004997746,0.58,0.54,10.988468,0.9828123
1355,0.9204000000000007,0.3450591,0,0,0.14913175,1.1842625,0.00049977377,0.38,0.38,7.456588,0.9143119
1360,0.9631000000000008,0.46272537,0,0,0.08863491,1.1815865,0.00049977296,0.44,0.46,4.4317455,0.9091498
1365,0.9619000000000005,0.7432484,0,0,0.13803157,1.374257,0.0004997721,0.52,0.54,6.901579,0.93645966
1370,0.9613000000000005,0.069594614,0,0,0.19238693,0.76667386,0.00049977127,0.5,0.54,9.619347,0.9827342
1375,0.9598000000000002,0.5980697,0,0,0.12000705,0.9682773,0.00049977045,0.44,0.5,6.000353,0.94024897
1380,0.9608000000000007,0.076146,0,0,0.15377924,0.34201947,0.0004997696,0.44,0.48,7.688962,0.95601547
1385,0.9617000000000006,0.19456369,0,0,0.19418097,0.745294,0.00049976876,0.36,0.38,9.709048,0.98542833
1390,0.9622000000000006,0.27607495,0,0,0.11917522,0.79584026,0.00049976795,0.22,0.22,5.958761,0.97080374
1395,0.9630000000000006,0.061093237,0,0,0.11512829,0.4741909,0.0004997671,0.22,0.22,5.756415,0.95855635
1400,0.9624000000000005,0.028910061,0,0,0.18373846,0.4145351,0.00049976626,0.22,0.22,9.186923,0.97515136
1405,0.8780000000000006,0.029706713,0,0,0.17003985,0.7327803,0.00049976545,0.2,0.2,8.501992,0.9740169
1410,0.8772000000000003,0.21144165,0,0,0.13582712,0.93992597,0.0004997646,0.18,0.18,6.791356,0.9804844
1415,0.9185000000000005,0.009722906,0,0,0.15186325,0.2977309,0.00049976376,0.22,0.22,7.5931625,0.9634887
1420,0.8758000000000007,0.013307265,0,0,0.15766427,0.4428922,0.00049976294,0.24,0.24,7.883214,0.9697138
1425,0.7059000000000003,0.08716538,0,0,0.119008824,0.7518108,0.00049976207,0.26,0.26,5.9504414,0.956171
1430,0.5798,0.14757796,0,0,0.14962976,0.9501337,0.00049976126,0.26,0.26,7.481488,0.9425177
1435,0.6201999999999999,0.05460722,0,0,0.14809775,1.1024059,0.00049976044,0.22,0.22,7.404888,0.9777746
1440,0.6179999999999999,0.10127476,0,0,0.11921335,1.7747248,0.00049975957,0.38,0.34,5.9606676,0.942608
1445,0.6204999999999999,0.611832,0,0,0.14533404,1.641885,0.00049975875,0.6,0.5,7.266702,0.9423369
1450,0.6643999999999999,0.09147384,0,0,0.10054437,1.1003338,0.00049975794,0.56,0.46,5.027219,0.9527625
1455,0.873,0.20778324,0,0,0.1655864,1.2520952,0.00049975706,0.5,0.48,8.27932,0.96132934
1460,0.7882000000000001,0.24901931,0,0,0.13401957,1.0349865,0.00049975625,0.52,0.48,6.7009783,0.9729537
1465,0.7462999999999999,0.38516656,0,0,0.16149332,2.0532792,0.00049975544,0.56,0.46,8.074666,0.9702635
1470,0.8312000000000002,0.51318276,0,0,0.120369166,1.2240323,0.00049975456,0.58,0.5,6.0184584,0.96247864
1475,0.8713000000000001,0.28932694,0,0,0.16064432,1.8235925,0.00049975375,0.52,0.52,8.032216,0.9754772
1480,0.9152000000000006,0.2962059,0,0,0.14664513,1.4913831,0.0004997529,0.3,0.32,7.332257,0.96578985
1485,0.9581000000000004,0.52766156,0,0,0.16264673,2.3084435,0.00049975206,0.2,0.22,8.132337,0.97608286
1490,0.9608000000000003,0.4918311,0,0,0.16729581,1.8601745,0.00049975124,0.16,0.18,8.364791,0.97462595
1495,0.8760000000000003,0.5709041,0,0,0.13691726,1.4379152,0.0004997504,0.22,0.24,6.8458633,0.9655535
1500,0.6647000000000002,0.5229271,0,0,0.21762095,1.7790734,0.00049974956,0.28,0.28,10.881048,0.9820387
1505,0.6230999999999998,0.43241087,0,0,0.14839496,2.3084192,0.00049974874,0.26,0.26,7.419748,0.9728194
1510,0.7919000000000003,0.5279047,0,0,0.12364143,1.7476118,0.00049974787,0.18,0.18,6.1820717,0.943377
1515,0.8765000000000005,0.52459323,0,0,0.14990051,1.8104446,0.00049974705,0.14,0.14,7.4950256,0.9399522
1520,0.9195000000000004,0.5361064,0,0,0.14287066,1.5584664,0.00049974624,0.04,0.06,7.143533,0.96163505
1525,0.9185000000000005,0.58676165,0,0,0.14925645,2.0308962,0.00049974537,0.04,0.06,7.462823,0.95692
1530,0.9183000000000006,0.27344102,0,0,0.16931127,1.6343608,0.0004997446,0.08,0.06,8.465564,0.95419604
1535,0.9178000000000008,0.6430657,0,0,0.15928885,1.6713794,0.00049974374,0.08,0.06,7.964443,0.96637696
1540,0.9200000000000006,0.11925854,0,0,0.17418006,1.0907168,0.0004997429,0.02,0.04,8.709003,0.9720383
1545,0.8796000000000006,0.4263051,0,0,0.15883902,1.5302502,0.0004997421,0.0,0.02,7.9419513,0.9702999
1550,0.7499000000000002,0.45723358,0,0,0.13452186,2.0142138,0.00049974123,0.18,0.22,6.7260933,0.96302235
1555,0.49550000000000005,0.5657841,0,0,0.19181551,1.6813368,0.0004997404,0.34,0.38,9.5907755,0.98947346
1560,0.45399999999999985,0.41238895,0,0,0.13473299,1.5122876,0.0004997396,0.3,0.38,6.7366495,0.95750034
1565,0.7495000000000002,0.27860928,0,0,0.24514174,1.318191,0.00049973873,0.1,0.14,12.257088,0.9506066
1570,0.9173000000000002,0.3459857,0,0,0.2117055,1.1427312,0.0004997379,0.04,0.06,10.585276,0.96343374
1575,0.9565000000000003,0.4616739,0,0,0.18108976,1.1405689,0.0004997371,0.08,0.08,9.054488,0.98666215
1580,0.9579000000000005,0.5733904,0,0,0.2043389,1.9505199,0.0004997362,0.1,0.1,10.216945,0.98070806
1585,0.9587000000000007,0.37260708,0,0,0.16197002,1.2388861,0.0004997354,0.12,0.14,8.098501,0.9658338
1590,0.9624000000000004,0.058097135,0,0,0.14950755,1.3082503,0.0004997346,0.24,0.28,7.475378,0.966207
1595,0.9624000000000007,0.2441678,0,0,0.14382678,1.3034208,0.0004997337,0.36,0.4,7.191339,0.9613558
1600,0.9613000000000003,0.4995786,0,0,0.20728467,1.2386518,0.0004997329,0.38,0.44,10.364234,0.9703933
1605,0.9607000000000003,0.38422903,0,0,0.1790657,0.9228196,0.0004997321,0.32,0.38,8.953285,0.98275995
1610,0.8336000000000002,0.1931409,0,0,0.12873669,0.8499982,0.0004997312,0.24,0.28,6.436835,0.9576928
1615,0.8326999999999998,0.11816058,0,0,0.1570852,0.9864919,0.0004997304,0.3,0.3,7.85426,0.97612005
1620,0.7883999999999999,0.32252845,0,0,0.13291799,1.5651643,0.0004997296,0.32,0.36,6.6459,0.96763897
1625,0.7867999999999996,0.38925263,0,0,0.33823627,2.232924,0.0004997287,0.32,0.36,16.911814,0.99884254
1630,0.7456999999999998,0.36134538,0,0,0.19345747,1.3293965,0.0004997279,0.3,0.32,9.6728735,0.985808
1635,0.8744,0.50662905,0,0,0.1453282,1.302484,0.0004997271,0.44,0.44,7.26641,0.9647976
1640,0.7461000000000001,0.49849364,0,0,0.14459682,1.4320897,0.0004997262,0.72,0.72,7.2298408,0.96525115
1645,0.7890999999999999,0.42657587,0,0,0.13638712,0.99061847,0.0004997254,0.84,0.84,6.8193564,0.96682096
1650,0.8750000000000001,0.2184879,0,0,0.17765011,0.6391659,0.0004997246,0.66,0.66,8.882505,0.978997
1655,0.9585000000000002,0.15929471,0,0,0.09830991,0.5053629,0.0004997237,0.4,0.42,4.915496,0.9402841
1660,0.7877999999999997,0.24884488,0,0,0.19023558,1.236309,0.0004997229,0.4,0.42,9.51178,0.9902921
1665,0.7036999999999999,0.14518277,0,0,0.14680882,0.8630126,0.0004997221,0.56,0.56,7.340441,0.97001064
1670,0.7890999999999998,0.5349868,0,0,0.12633575,1.4138241,0.0004997212,0.7,0.72,6.316788,0.9505519
1675,0.7881999999999999,0.48409468,0,0,0.11987545,1.2500823,0.0004997204,0.9,0.92,5.993773,0.9680174
1680,0.8726000000000002,0.41995698,0,0,0.1061395,1.3885182,0.0004997196,1.0,1.0,5.3069754,0.9553208
1685,0.9154000000000003,0.237253,0,0,0.11907824,0.895484,0.0004997187,0.9,0.9,5.9539123,0.9606938
1690,0.9574999999999996,0.23352976,0,0,0.14357498,0.8899962,0.0004997179,0.8,0.8,7.1787496,0.9745132
1695,0.8744000000000003,0.010407559,0,0,0.1229074,0.7430163,0.0004997171,0.7,0.68,6.14537,0.9710009
1700,0.7477000000000001,0.42663726,0,0,0.15007046,1.1465908,0.0004997162,0.76,0.72,7.503523,0.9595113
1705,0.6204999999999998,0.49743637,0,0,0.15058693,2.0679626,0.0004997154,0.9,0.8,7.5293465,0.9772457
1710,0.6207999999999998,0.5513178,0,0,0.19119333,1.4190959,0.0004997146,0.96,0.84,9.559667,0.9861967
1715,0.8323000000000004,0.13725802,0,0,0.18218186,1.0364066,0.0004997137,0.94,0.88,9.109094,0.9890351
1720,0.9615000000000005,0.21371794,0,0,0.1490063,1.5572143,0.0004997129,0.92,0.92,7.4503155,0.97085524
1725,0.9612000000000003,0.25161964,0,0,0.19990368,1.4200568,0.00049971207,0.78,0.78,9.995184,0.97337747
1730,0.9191000000000004,0.03667293,0,0,0.20640483,1.4000363,0.0004997112,0.64,0.64,10.320242,0.99101126
1735,0.7088000000000005,0.6893266,0,0,0.18336986,1.6864324,0.0004997104,0.56,0.56,9.168493,0.99316055
1740,0.45440000000000014,0.08850338,0,0,0.14969856,1.248302,0.00049970957,0.64,0.66,7.484928,0.9775411
1745,0.45179999999999987,0.5060379,0,0,0.1720159,1.7051442,0.0004997087,0.62,0.62,8.600796,0.96735007
1750,0.7035999999999999,0.4016511,0,0,0.14139223,1.6219847,0.0004997079,0.5,0.52,7.0696115,0.96981084
1755,0.8707000000000004,0.36087435,0,0,0.09112832,1.3610556,0.00049970706,0.5,0.5,4.556416,0.9015366
1760,0.8723000000000002,0.37234122,0,0,0.12970194,1.3848602,0.0004997062,0.66,0.68,6.4850974,0.9653932
1765,0.9186000000000005,0.34043702,0,0,0.13388115,1.2442024,0.0004997054,0.82,0.8,6.6940575,0.96140414
1770,0.9606000000000003,0.6073837,0,0,0.15467915,1.871403,0.00049970456,0.96,0.96,7.7339573,0.97549635
1775,0.9596000000000002,0.15484424,0,0,0.132701,1.7835869,0.0004997037,0.96,0.96,6.63505,0.9274182
1780,0.9590000000000006,0.41260272,0,0,0.16322327,1.2866104,0.0004997029,0.98,0.98,8.161163,0.9696301
1785,0.9608000000000004,0.2776199,0,0,0.15881906,1.3009566,0.00049970206,0.98,0.98,7.9409537,0.9646585
1790,0.9616000000000007,0.26573843,0,0,0.15900186,1.3509482,0.0004997012,0.96,0.96,7.9500933,0.9761726
1795,0.9604000000000005,0.36075217,0,0,0.12246308,1.0918412,0.00049970037,0.96,0.96,6.123154,0.9201652
1800,0.9591000000000004,0.35828763,0,0,0.18882765,1.8426515,0.00049969956,0.96,0.96,9.441382,0.98430836
1805,0.8306,0.2544662,0,0,0.168287,1.425624,0.0004996987,1.0,0.94,8.41435,0.9685655
1810,0.7041,0.2524052,0,0,0.18041998,1.1262941,0.00049969787,0.98,0.86,9.020999,0.986943
1815,0.6186999999999996,0.48687163,0,0,0.12321258,1.3395258,0.000499697,0.96,0.82,6.1606293,0.95294356
1820,0.8299999999999996,0.30868012,0,0,0.18331462,1.0486443,0.0004996962,0.98,0.94,9.165731,0.9796324
1825,0.9150000000000001,0.23207721,0,0,0.17318814,1.2998402,0.00049969536,0.96,0.96,8.659407,0.9580704
1830,0.8740000000000007,0.06889432,0,0,0.17595018,1.1805531,0.0004996945,0.92,0.92,8.797509,0.9860916
1835,0.8327000000000001,0.24701487,0,0,0.1348772,1.1793056,0.0004996937,0.92,0.92,6.7438607,0.9660397
1840,0.8336999999999999,0.090956,0,0,0.14816262,0.8386321,0.00049969286,0.98,0.96,7.408131,0.976205
1845,0.8318999999999999,0.3882736,0,0,0.14257307,1.6647828,0.000499692,0.9,0.88,7.1286535,0.9597697
1850,0.8733999999999998,0.13450961,0,0,0.13040732,1.0448211,0.0004996912,0.88,0.86,6.520366,0.96473795
1855,0.8718,0.22116712,0,0,0.12048436,1.0682867,0.00049969036,0.9,0.88,6.024218,0.9709289
1860,0.9124999999999999,0.11732971,0,0,0.12851107,0.84214026,0.00049968954,0.98,0.96,6.425554,0.96423894
1865,0.9143000000000003,0.19645754,0,0,0.124331445,0.8617114,0.00049968873,0.98,0.96,6.2165723,0.96447235
1870,0.7894,0.3828606,0,0,0.15432958,1.5091112,0.00049968786,1.0,0.92,7.7164793,0.9837006
1875,0.7857000000000002,0.18451487,0,0,0.14574894,0.8814287,0.00049968704,1.0,0.92,7.2874475,0.9560939
1880,0.7870000000000001,0.2773758,0,0,0.13352439,1.3514457,0.0004996862,0.98,0.92,6.6762195,0.97203004
1885,0.8746000000000004,0.09455939,0,0,0.23309301,1.2990874,0.00049968535,0.96,0.94,11.654651,0.9854733
1890,0.8774000000000008,0.40501976,0,0,0.16010217,0.9902742,0.00049968454,0.96,0.94,8.005109,0.9833921
1895,0.9618000000000005,0.26817885,0,0,0.19661297,1.520684,0.0004996837,1.0,1.0,9.830648,0.9864291
1900,0.9624000000000008,0.208759,0,0,0.17505428,1.2925359,0.00049968285,0.98,0.98,8.752714,0.97872335
1905,0.9627000000000006,0.06355875,0,0,0.1060245,0.51177424,0.00049968204,0.94,0.94,5.301225,0.96085835
1910,0.9609000000000004,0.051206075,0,0,0.1806112,1.2040255,0.0004996812,0.88,0.86,9.03056,0.9934323
1915,0.9604000000000005,0.063235655,0,0,0.1381823,0.63843745,0.00049968035,0.86,0.84,6.909115,0.9551586
1920,0.9611000000000004,0.060511757,0,0,0.13089146,0.42814547,0.00049967953,0.9,0.9,6.544573,0.96343946
1925,0.9610000000000006,0.039551716,0,0,0.14308272,0.8848916,0.0004996787,0.82,0.82,7.154136,0.97362816
1930,0.9619000000000009,0.28541777,0,0,0.26144382,1.2894189,0.00049967784,0.68,0.68,13.072192,0.9966016
1935,0.9615000000000002,0.05034954,0,0,0.16140273,0.27916783,0.00049967703,0.7,0.7,8.070137,0.97674525
1940,0.9615000000000005,0.04074413,0,0,0.202012,0.36283857,0.0004996762,0.72,0.72,10.1006,0.9874142
1945,0.9608000000000003,0.022271192,0,0,0.20023198,0.7090451,0.00049967534,0.84,0.84,10.0116,0.98225725
1950,0.9598000000000003,0.046988066,0,0,0.16956714,0.3080687,0.0004996745,0.92,0.9,8.478357,0.98663723
1955,0.9173,0.092465766,0,0,0.19205852,0.6199512,0.0004996737,0.9,0.86,9.602926,0.9873526
1960,0.7904000000000002,0.0071436,0,0,0.13443412,0.6536453,0.00049967284,0.92,0.84,6.721706,0.97009695
1965,0.7064999999999999,0.43768358,0,0,0.10416247,1.0720571,0.000499672,0.92,0.86,5.2081237,0.9556308
1970,0.6635999999999999,0.20192042,0,0,0.20301658,0.77009195,0.0004996712,0.86,0.84,10.150829,0.98012555
1975,0.6205999999999999,0.16282296,0,0,0.12104341,0.82211494,0.00049967034,0.72,0.74,6.0521703,0.9783249
1980,0.7892,0.31423855,0,0,0.13944872,1.1248081,0.0004996695,0.48,0.52,6.972436,0.9712702
1985,0.8307000000000001,0.13529171,0,0,0.15786815,0.69292104,0.0004996687,0.32,0.34,7.893408,0.97438157
1990,0.7846,0.08472495,0,0,0.16272819,1.0822484,0.00049966783,0.46,0.46,8.13641,0.96974885
1995,0.4018999999999999,0.41280422,0,0,0.11598527,1.5747137,0.000499667,0.48,0.48,5.7992635,0.9383881
2000,0.3565,0.48310396,0,0,0.15354629,0.95030063,0.0004996662,0.54,0.52,7.6773143,0.9605844
2005,0.6568999999999998,0.3883843,0,0,0.1474953,0.8935374,0.00049966533,0.66,0.64,7.374765,0.97115993
2010,0.8760000000000002,0.2304735,0,0,0.13071042,1.4838777,0.0004996645,0.84,0.82,6.5355215,0.9650544
2015,0.9160999999999998,0.1446053,0,0,0.13411596,1.4279758,0.0004996637,0.9,0.9,6.705798,0.97575444
2020,0.9543999999999996,0.35099512,0,0,0.17280212,1.6625527,0.0004996628,0.96,0.96,8.640106,0.9736181
2025,0.9106999999999995,0.5854741,0,0,0.119874544,1.4395267,0.000499662,0.94,0.94,5.993727,0.95767224
2030,0.7838999999999998,0.30127,0,0,0.13554724,1.3049667,0.0004996612,0.92,0.92,6.777362,0.94899046
2035,0.6589999999999998,0.5804361,0,0,0.15412922,1.8841494,0.0004996603,0.94,0.92,7.7064614,0.97996724
2040,0.45079999999999987,0.24001878,0,0,0.14990099,1.5669776,0.0004996595,0.96,0.86,7.4950495,0.9613428
2045,0.44969999999999993,0.513757,0,0,0.14908722,2.3540442,0.0004996587,0.96,0.88,7.454361,0.95235014
2050,0.6177999999999998,0.5472306,0,0,0.14507776,1.8900979,0.0004996578,0.96,0.94,7.2538886,0.97777843
2055,0.9121000000000001,0.221186,0,0,0.1556963,1.7701746,0.000499657,0.94,0.92,7.7848153,0.9681792
2060,0.9571000000000006,0.59918416,0,0,0.17692228,2.0229397,0.0004996562,0.96,0.96,8.846114,0.97649676
2065,0.9179000000000004,0.33422995,0,0,0.1609607,1.8676662,0.0004996553,0.94,0.94,8.048036,0.9731072
2070,0.9166999999999998,0.4773573,0,0,0.1419972,1.5159147,0.0004996545,0.9,0.9,7.0998607,0.969374
2075,0.9573,0.48146597,0,0,0.14957087,1.7327987,0.0004996537,0.92,0.92,7.4785433,0.9562398
2080,0.9131999999999999,0.2043234,0,0,0.1410127,2.0523176,0.0004996528,0.9,0.9,7.050635,0.9596955
2085,0.8700999999999999,0.09195474,0,0,0.14047106,0.69973975,0.000499652,0.88,0.88,7.023553,0.97126937
2090,0.8694999999999999,0.5214626,0,0,0.121727206,2.0392666,0.0004996512,0.9,0.9,6.0863605,0.95385426
2095,0.9144000000000001,0.2882182,0,0,0.20555694,1.8293971,0.0004996503,0.94,0.94,10.277847,0.9815365
2100,0.9169000000000004,0.23181851,0,0,0.20031402,1.3667073,0.0004996495,0.92,0.92,10.015701,0.98457646
2105,0.9173000000000004,0.334274,0,0,0.11259124,1.4825425,0.0004996487,0.92,0.92,5.629562,0.95978725
2110,0.9581999999999999,0.25696397,0,0,0.15100518,1.2452857,0.0004996478,1.0,1.0,7.550259,0.9611261
2115,0.9143000000000001,0.35693964,0,0,0.1739974,2.0116677,0.000499647,0.98,0.96,8.69987,0.98143786
2120,0.9149,0.14342083,0,0,0.12815863,1.2660265,0.0004996462,0.96,0.94,6.407932,0.96988654
2125,0.9157000000000001,0.11830873,0,0,0.121098325,1.02179,0.00049964536,0.92,0.9,6.0549164,0.9656554
2130,0.9584000000000006,0.07211826,0,0,0.14513187,1.256203,0.0004996445,0.9,0.9,7.2565937,0.97551847
2135,0.9595000000000004,0.430196,0,0,0.21580814,1.3691175,0.0004996437,0.9,0.88,10.790407,0.9949463
2140,0.9597,0.31248742,0,0,0.17097816,1.3702756,0.00049964286,0.78,0.76,8.548908,0.98103666
2145,0.9585000000000002,0.040622782,0,0,0.13759916,0.88888633,0.000499642,0.5,0.5,6.8799577,0.97555864
2150,0.9564999999999999,0.0709858,0,0,0.12327229,0.9195842,0.0004996412,0.44,0.42,6.1636147,0.97466683
2155,0.9580000000000001,0.039514318,0,0,0.22930399,0.5823941,0.00049964036,0.5,0.48,11.465199,0.97065604
2160,0.9582000000000004,0.22273348,0,0,0.11488223,0.9381952,0.0004996395,0.58,0.56,5.7441115,0.97397023
2165,0.9588000000000002,0.08528874,0,0,0.13966005,0.5346189,0.00049963867,0.58,0.56,6.983002,0.98670936
2170,0.9568999999999995,0.046038356,0,0,0.13763441,1.1083391,0.00049963786,0.68,0.66,6.8817205,0.9734973
2175,0.9547999999999996,0.012709641,0,0,0.12830864,0.4107501,0.000499637,0.66,0.66,6.415432,0.97371364
2180,0.9531000000000001,0.08856023,0,0,0.13801289,0.47302917,0.00049963617,0.62,0.62,6.9006443,0.97681713
2185,0.9095,0.08053838,0,0,0.16527078,0.86835885,0.00049963535,0.68,0.68,8.263539,0.98292434
2190,0.8687,0.0413165,0,0,0.18044183,0.5462816,0.0004996345,0.64,0.62,9.022092,0.9880844
2195,0.8298000000000004,0.01767648,0,0,0.18938005,0.63751775,0.00049963366,0.64,0.6,9.469003,0.97725743
2200,0.8345000000000004,0.026372904,0,0,0.16513444,0.6342125,0.00049963285,0.72,0.68,8.256722,0.9833
2205,0.8769999999999999,0.059754323,0,0,0.18171126,1.1926668,0.000499632,0.94,0.9,9.085563,0.98354805
2210,0.8326,0.32778046,0,0,0.2043299,1.2905406,0.00049963116,0.94,0.9,10.216495,0.98552847
2215,0.8731999999999998,0.0076270658,0,0,0.1556153,0.9280236,0.00049963035,0.82,0.8,7.780765,0.9773605
2220,0.8309999999999998,0.21233419,0,0,0.16045247,0.9960815,0.0004996295,0.76,0.76,8.022624,0.97882235
2225,0.9149000000000003,0.13950253,0,0,0.2478271,0.66361046,0.00049962866,0.72,0.74,12.3913555,0.9968319
2230,0.8309000000000002,0.046198092,0,0,0.16811597,0.8165968,0.00049962784,0.8,0.8,8.405799,0.9901869
2235,0.79,0.0377569,0,0,0.16620697,0.52691066,0.00049962697,0.54,0.52,8.3103485,0.9797331
2240,0.7889999999999999,0.41267407,0,0,0.19570272,1.5010779,0.00049962616,0.3,0.28,9.785136,0.9938396
2245,0.9558999999999999,0.015170768,0,0,0.17983206,0.64600354,0.00049962534,0.1,0.08,8.991603,0.981482
2250,0.954,0.08743169,0,0,0.19956031,0.6847632,0.00049962447,0.12,0.12,9.978016,0.98327875
2255,0.9541999999999998,0.078029886,0,0,0.17370683,0.5712079,0.00049962365,0.24,0.24,8.685342,0.9727204
2260,0.9506999999999995,0.04937546,0,0,0.11148257,0.60638803,0.00049962284,0.44,0.42,5.5741286,0.9566212
2265,0.9482999999999998,0.08649203,0,0,0.10045781,1.1235325,0.00049962196,0.48,0.48,5.0228906,0.95396566
2270,0.8239,0.47205842,0,0,0.1503583,1.2205807,0.00049962115,0.26,0.28,7.5179157,0.9811679
2275,0.7428999999999997,0.2978992,0,0,0.14840575,1.3438876,0.00049962034,0.1,0.14,7.420287,0.9776917
2280,0.7412999999999996,0.048311256,0,0,0.15014617,1.2541583,0.00049961946,0.1,0.12,7.5073085,0.95873475
2285,0.7825999999999997,0.16019389,0,0,0.18535438,1.2486321,0.00049961865,0.12,0.16,9.267719,0.98299104
2290,0.9106999999999996,0.08086147,0,0,0.18555059,1.1135198,0.00049961783,0.08,0.12,9.27753,0.9817213
2295,0.9539999999999997,0.1984774,0,0,0.16041055,1.5494945,0.00049961696,0.12,0.18,8.020528,0.97210777
2300,0.9541000000000001,0.05759537,0,0,0.13920718,0.97422785,0.00049961614,0.14,0.16,6.9603596,0.965799
2305,0.9095999999999997,0.17124677,0,0,0.17200147,0.9125762,0.00049961533,0.28,0.24,8.600074,0.97658354
2310,0.9095999999999996,0.3848772,0,0,0.15291809,1.2192512,0.00049961446,0.22,0.2,7.6459045,0.96447945
2315,0.9536999999999994,0.1528123,0,0,0.16565962,0.67169845,0.00049961364,0.14,0.14,8.282981,0.96970296
2320,0.9558999999999999,0.32184505,0,0,0.17811587,0.8636404,0.0004996128,0.06,0.06,8.905794,0.9883497
2325,0.9563000000000001,0.030148186,0,0,0.16822705,0.6076195,0.00049961195,0.06,0.08,8.411352,0.9824865
2330,0.9513999999999999,0.052681606,0,0,0.14286241,0.722782,0.00049961114,0.16,0.18,7.1431203,0.9829373
2335,0.8224999999999999,0.03191358,0,0,0.16256462,0.6871502,0.0004996103,0.3,0.32,8.128231,0.97343075
2340,0.7392999999999996,0.01679358,0,0,0.1764246,1.9443681,0.00049960945,0.34,0.36,8.82123,0.98583525
2345,0.7849999999999997,0.024450433,0,0,0.16726215,1.1150937,0.00049960864,0.24,0.26,8.363108,0.98409206
2350,0.7843999999999994,0.31322038,0,0,0.19527316,0.9162928,0.0004996078,0.16,0.18,9.763659,0.98358977
2355,0.6526999999999998,0.3379067,0,0,0.15357807,1.936504,0.00049960695,0.18,0.18,7.678904,0.96283895
2360,0.35170000000000007,0.3587962,0,0,0.11812074,1.7892454,0.00049960613,0.26,0.26,5.906037,0.95365304
2365,0.3107,0.30304727,0,0,0.12709436,2.1416168,0.0004996053,0.22,0.18,6.3547177,0.954723
2370,0.5683999999999998,0.7329997,0,0,0.18393123,1.8903648,0.0004996045,0.16,0.14,9.196562,0.9784434
2375,0.9037999999999997,0.55152357,0,0,0.1747145,1.5359962,0.00049960363,0.34,0.22,8.735725,0.9730449
2380,0.9034999999999997,0.2351661,0,0,0.16168414,1.2938493,0.0004996028,0.4,0.3,8.084208,0.9742472
2385,0.9054999999999996,0.8023409,0,0,0.14430971,2.1171231,0.000499602,0.44,0.28,7.215486,0.9707866
2390,0.7826,0.9388434,0,0,0.13648786,2.0489998,0.0004996011,0.46,0.3,6.8243933,0.9534911
2395,0.6161999999999997,0.32982403,0,0,0.16082081,2.0400598,0.0004996003,0.48,0.28,8.04104,0.9740344
2400,0.4874999999999999,0.4828296,0,0,0.19054802,1.7957016,0.0004995995,0.54,0.2,9.527401,0.9496388
2405,0.5692999999999998,0.56358975,0,0,0.13544628,1.6310287,0.0004995986,0.6,0.3,6.772314,0.9621837
2410,0.7785999999999995,0.40748277,0,0,0.15471642,1.5973742,0.0004995978,0.8,0.56,7.7358212,0.96933377
2415,0.7783,0.49511918,0,0,0.15530196,1.7882342,0.000499597,0.9,0.82,7.765098,0.9693583
2420,0.7762999999999997,0.593083,0,0,0.24335586,1.9138415,0.0004995961,0.96,0.9,12.167793,0.98779833
2425,0.8174999999999997,0.19135103,0,0,0.14227858,0.91624975,0.0004995953,0.98,0.92,7.1139293,0.96943194
2430,0.7353999999999996,0.33889467,0,0,0.1278997,1.179198,0.0004995945,0.94,0.8,6.394985,0.9713575
2435,0.8207999999999995,0.37922314,0,0,0.20011732,1.6106524,0.0004995936,0.88,0.78,10.005866,0.9921119
2440,0.8649999999999995,0.3847815,0,0,0.11331794,1.1415913,0.0004995928,0.72,0.68,5.665897,0.946836
2445,0.8225999999999997,0.25763607,0,0,0.18754472,1.4492575,0.000499592,0.6,0.58,9.377236,0.9800371
2450,0.8649999999999995,0.81295663,0,0,0.13953371,1.7871535,0.0004995911,0.66,0.64,6.9766855,0.9665891
2455,0.9486999999999997,0.4819791,0,0,0.16285959,1.7117671,0.0004995903,0.66,0.68,8.14298,0.9814709
2460,0.9486999999999997,0.29533333,0,0,0.2025502,1.6831193,0.0004995895,0.66,0.68,10.12751,0.982499
2465,0.9479999999999997,0.40946427,0,0,0.15314528,1.3476825,0.0004995886,0.72,0.72,7.6572647,0.97289646
2470,0.9492999999999995,0.4747702,0,0,0.14440103,1.6473985,0.0004995878,0.78,0.78,7.2200513,0.96431327
2475,0.9497999999999994,0.070976354,0,0,0.18847643,1.2922298,0.000499587,0.5,0.52,9.423821,0.9854984
2480,0.9486999999999997,0.061842512,0,0,0.14171873,0.5719494,0.0004995861,0.42,0.44,7.085937,0.9751861
2485,0.8629999999999997,0.8022307,0,0,0.17809936,1.5226932,0.0004995853,0.52,0.52,8.904968,0.98391104
2490,0.8161,0.03219407,0,0,0.15553737,1.1268196,0.0004995845,0.62,0.62,7.7768683,0.9716026
2495,0.7309,0.14947844,0,0,0.15480708,0.6541542,0.0004995836,0.64,0.64,7.740354,0.961714
2500,0.6466,0.19972923,0,0,0.1410781,0.7700067,0.0004995828,0.64,0.64,7.0539055,0.9661382
2505,0.6905999999999999,0.6506611,0,0,0.13004471,1.2711223,0.000499582,0.54,0.6,6.502236,0.9585798
2510,0.8600999999999999,0.08575595,0,0,0.11444062,0.519143,0.0004995811,0.46,0.52,5.722031,0.96268487
2515,0.8610999999999999,0.36478555,0,0,0.13227378,0.73816746,0.0004995803,0.54,0.6,6.613689,0.964709
2520,0.8610999999999998,0.035438918,0,0,0.17206897,0.97972107,0.0004995795,0.62,0.64,8.603449,0.98151004
2525,0.7777,1.0049169,0,0,0.13583067,1.916939,0.0004995786,0.66,0.66,6.7915335,0.9681185
2530,0.8210999999999998,0.64573354,0,0,0.20063168,1.2599504,0.0004995778,0.76,0.74,10.031584,0.98798215
2535,0.8220999999999996,0.19548745,0,0,0.14141992,1.0063777,0.00049957697,0.76,0.76,7.0709963,0.95931244
2540,0.9488999999999994,0.46856394,0,0,0.17885399,1.2327617,0.0004995761,0.72,0.74,8.942699,0.98359454
2545,0.8639999999999998,0.270364,0,0,0.13484907,0.9120963,0.0004995753,0.6,0.6,6.7424536,0.97861445
2550,0.8192,0.23654899,0,0,0.14218827,0.98433703,0.00049957447,0.46,0.46,7.1094136,0.9682038
2555,0.7800999999999996,0.043583628,0,0,0.11423936,1.1790476,0.0004995736,0.44,0.44,5.711968,0.96103156
2560,0.8250999999999994,0.28978786,0,0,0.13079235,1.5852283,0.0004995728,0.38,0.38,6.5396175,0.97944605
2565,0.8663999999999996,0.43609545,0,0,0.15323141,1.4416624,0.00049957196,0.3,0.32,7.661571,0.95473444
2570,0.6554999999999996,0.3232047,0,0,0.11342289,1.2274034,0.0004995711,0.36,0.36,5.671145,0.9627744
2575,0.5276999999999997,0.36647666,0,0,0.16228274,2.499347,0.0004995703,0.4,0.4,8.114137,0.981683
2580,0.1898,0.1037468,0,0,0.1920655,1.3042996,0.00049956946,0.48,0.5,9.603275,0.9831392
2585,0.020900000000000026,0.33530408,0,0,0.1674924,2.9642909,0.00049956865,0.68,0.68,8.37462,0.9716331
2590,-0.1494999999999999,0.54199654,0,0,0.18805844,2.1875718,0.0004995678,0.86,0.8,9.402922,0.97389436
2595,-0.14779999999999996,0.3535922,0,0,0.13946028,1.9391081,0.00049956696,0.86,0.8,6.973014,0.97159564
2600,0.05890000000000005,0.3479407,0,0,0.1689383,1.8273302,0.00049956614,0.68,0.64,8.446915,0.9685765
2605,0.14580000000000004,0.8424141,0,0,0.19146314,2.7868142,0.00049956527,0.4,0.42,9.573157,0.9769901
2610,0.5313999999999999,1.0614944,0,0,0.16032527,3.1228142,0.00049956446,0.14,0.2,8.016264,0.9427323
2615,0.6614,0.37563923,0,0,0.16209482,2.104119,0.00049956364,0.04,0.1,8.104741,0.960183
2620,0.7899999999999998,0.39374483,0,0,0.17844296,2.2923522,0.00049956277,0.02,0.1,8.922148,0.96147734
2625,0.8750000000000006,0.64225197,0,0,0.18899101,2.3028529,0.00049956195,0.04,0.12,9.449551,0.9721541
2630,0.7070000000000003,0.35304222,0,0,0.15674134,1.9213929,0.00049956114,0.04,0.16,7.8370667,0.95009434
2635,0.6242,0.17799066,0,0,0.25777066,1.5594233,0.00049956026,0.02,0.08,12.888534,0.9698083
2640,0.7513000000000002,0.41397735,0,0,0.14050956,2.0868313,0.00049955945,0.02,0.04,7.0254784,0.9614134
2645,0.8796000000000005,0.3649683,0,0,0.20431215,1.8495827,0.00049955864,0.02,0.02,10.215608,0.9711556
2650,0.8345000000000005,0.50462586,0,0,0.17005254,2.2392566,0.00049955776,0.08,0.1,8.502627,0.9519303
2655,0.7486,0.3707853,0,0,0.15557206,1.8826357,0.00049955695,0.12,0.2,7.778603,0.9529923
2660,0.7490000000000001,0.66535985,0,0,0.12648739,2.0114644,0.00049955613,0.14,0.22,6.32437,0.9470228
2665,0.7060000000000004,0.6160809,0,0,0.15035298,2.457021,0.00049955526,0.1,0.16,7.517649,0.9550792
2670,0.5377000000000001,0.45193547,0,0,0.1814874,2.311973,0.00049955444,0.1,0.14,9.07437,0.9480061
2675,0.45409999999999995,0.63792676,0,0,0.16521671,2.9451663,0.00049955363,0.08,0.12,8.260836,0.94841415
2680,0.5374999999999998,0.2052106,0,0,0.1570937,1.773669,0.00049955276,0.06,0.1,7.8546853,0.95130587
2685,0.5774999999999997,0.36019456,0,0,0.18508124,1.5342283,0.00049955194,0.02,0.06,9.254063,0.9716047
2690,0.8270999999999995,0.7013636,0,0,0.20380643,1.7329664,0.0004995511,0.02,0.04,10.190322,0.9790038
2695,0.9101999999999993,0.3220361,0,0,0.17990108,1.1651709,0.00049955025,0.04,0.06,8.995054,0.974679
2700,0.9513999999999992,0.74710745,0,0,0.19230273,2.1732094,0.00049954944,0.06,0.08,9.615137,0.96824014
2705,0.9510999999999993,0.4926649,0,0,0.14310789,1.192725,0.0004995486,0.06,0.08,7.155395,0.96590793
2710,0.9505999999999993,1.4657743,0,0,0.10665267,2.249043,0.00049954775,0.06,0.08,5.3326335,0.94161737
2715,0.9048999999999995,0.8462683,0,0,0.11991955,2.2716494,0.00049954694,0.14,0.16,5.995978,0.9560868
2720,0.9030999999999996,0.35414284,0,0,0.12916398,1.2461207,0.0004995461,0.12,0.14,6.4581995,0.9437263
2725,0.9033999999999998,0.22092848,0,0,0.17848521,0.8493172,0.00049954525,0.06,0.12,8.924261,0.9725213
2730,0.9036,0.22386654,0,0,0.11942847,1.732404,0.00049954443,0.1,0.18,5.9714236,0.9385002
2735,0.8658999999999994,0.34389913,0,0,0.100093745,2.168908,0.0004995436,0.12,0.2,5.0046873,0.8933606
2740,0.7821999999999997,0.47071514,0,0,0.11414519,1.6059722,0.00049954274,0.18,0.28,5.7072597,0.9311881
2745,0.8240999999999994,0.4788482,0,0,0.16049497,2.435766,0.00049954193,0.26,0.32,8.024749,0.9647052
2750,0.9070999999999997,0.5069166,0,0,0.13473363,0.9993506,0.0004995411,0.24,0.28,6.7366815,0.9612417
2755,0.9066999999999996,0.25986105,0,0,0.14972886,1.4817683,0.00049954024,0.14,0.22,7.4864435,0.9689863
2760,0.8648999999999996,0.07860045,0,0,0.13096309,0.54760486,0.0004995394,0.12,0.22,6.548155,0.9351236
2765,0.8226999999999997,0.36563587,0,0,0.13560444,0.7961442,0.0004995386,0.22,0.28,6.7802224,0.9474397
2770,0.7362000000000001,0.10173557,0,0,0.1359748,0.9423498,0.00049953774,0.32,0.34,6.79874,0.91654366
2775,0.7777999999999998,0.09807098,0,0,0.14090404,0.80797935,0.0004995369,0.34,0.34,7.0452023,0.965889
2780,0.6960999999999998,0.3112009,0,0,0.14028284,1.5582716,0.0004995361,0.38,0.38,7.014142,0.9228429
2785,0.7376999999999998,0.567189,0,0,0.1634173,1.3340986,0.00049953524,0.3,0.32,8.170865,0.9655348
2790,0.7758999999999997,0.3040872,0,0,0.18549238,1.4657553,0.0004995345,0.34,0.36,9.274619,0.9873885
2795,0.7757999999999998,0.07004098,0,0,0.15389489,0.8793931,0.0004995336,0.36,0.38,7.6947446,0.9635304
2800,0.6904,0.29478782,0,0,0.17359509,2.2214174,0.0004995328,0.38,0.38,8.679754,0.98095226
2805,0.7347999999999996,0.37512353,0,0,0.13875525,1.8756057,0.000499532,0.32,0.32,6.9377627,0.9608147
2810,0.7824999999999993,0.06930309,0,0,0.14847988,1.3889196,0.0004995311,0.32,0.34,7.423994,0.95096135
2815,0.9101999999999992,0.1615888,0,0,0.10694928,1.8353941,0.0004995303,0.54,0.56,5.347464,0.9344494
2820,0.9093999999999993,0.3384386,0,0,0.11392687,1.9506165,0.0004995295,0.78,0.8,5.696344,0.9332527
2825,0.8656999999999994,0.06831973,0,0,0.14489265,1.005754,0.0004995286,0.8,0.8,7.2446327,0.95565534
2830,0.9084999999999992,0.45375648,0,0,0.13151054,1.2173613,0.0004995278,0.88,0.88,6.575527,0.96550125
2835,0.9078999999999993,0.20290302,0,0,0.17310683,1.5109493,0.00049952697,0.94,0.92,8.655342,0.9796095
2840,0.8265999999999992,0.036426377,0,0,0.18695623,1.3379114,0.0004995261,0.94,0.92,9.347812,0.97320724
2845,0.7848999999999993,0.18831824,0,0,0.1696814,1.1050217,0.0004995253,0.9,0.86,8.48407,0.9723736
2850,0.7853999999999993,0.16325687,0,0,0.11367609,0.8459777,0.00049952447,0.86,0.8,5.683805,0.94818014
2855,0.7416999999999995,0.12489009,0,0,0.16903009,1.2732304,0.0004995236,0.82,0.74,8.451505,0.9657431
2860,0.8260999999999994,0.02263403,0,0,0.1695497,1.5698891,0.0004995228,0.78,0.74,8.477486,0.96758974
2865,0.9111999999999992,0.2644568,0,0,0.18977523,1.5793171,0.0004995219,0.84,0.82,9.488762,0.9740416
2870,0.953199999999999,0.37269777,0,0,0.19165376,1.6611946,0.0004995211,0.96,0.96,9.582688,0.990757
2875,0.9518999999999991,0.10997569,0,0,0.13666335,1.0973076,0.0004995203,1.0,1.0,6.8331676,0.9647535
2880,0.9508999999999994,0.03696611,0,0,0.16390797,0.66393745,0.0004995194,0.94,0.94,8.195399,0.95691144
2885,0.9505999999999993,0.11290504,0,0,0.13985357,0.53361106,0.0004995186,0.92,0.92,6.9926786,0.92442983
2890,0.9106999999999994,0.08000662,0,0,0.15960212,1.095832,0.0004995178,0.96,0.96,7.9801064,0.95217085
2895,0.8253999999999994,0.08454237,0,0,0.1679174,0.62804663,0.0004995169,1.0,1.0,8.39587,0.9760902
2900,0.7794999999999996,0.07353704,0,0,0.12591858,1.3152958,0.0004995161,0.96,0.96,6.2959294,0.9655874
2905,0.6953999999999998,0.114280716,0,0,0.15251476,1.1871994,0.00049951527,0.96,0.92,7.625738,0.961709
2910,0.4455999999999997,0.47097352,0,0,0.18460576,1.2115937,0.0004995144,0.96,0.86,9.2302885,0.98520315
2915,0.5730999999999997,0.4311692,0,0,0.13599151,1.3039463,0.0004995136,0.98,0.9,6.799576,0.9630983
2920,0.7413999999999997,0.4990413,0,0,0.14327084,1.6778916,0.00049951277,0.96,0.92,7.163542,0.9651908
2925,0.7414999999999995,0.09934265,0,0,0.15614004,0.58772177,0.0004995119,0.94,0.88,7.8070025,0.9658855
2930,0.6583999999999997,0.5756661,0,0,0.16921976,1.2940851,0.0004995111,0.96,0.84,8.460988,0.9618549
2935,0.7414999999999996,0.12295831,0,0,0.2077943,1.6014276,0.00049951026,0.98,0.9,10.389715,0.96146417
2940,0.5301999999999998,0.3423757,0,0,0.14253068,1.2968473,0.0004995094,0.98,0.78,7.126534,0.92232835
2945,0.4043999999999998,0.32304686,0,0,0.12563609,1.6250038,0.0004995086,0.98,0.74,6.281804,0.94431853
2950,0.5717999999999999,0.42803946,0,0,0.104575716,2.25416,0.00049950776,0.98,0.82,5.228786,0.9263737
2955,0.6558999999999999,0.1313641,0,0,0.19511954,1.1900945,0.0004995069,0.92,0.8,9.755978,0.9731575
2960,0.6972999999999998,0.33841172,0,0,0.17286514,1.2495401,0.0004995061,0.84,0.76,8.643257,0.95577645
2965,0.9096999999999993,0.24632965,0,0,0.14446318,1.4116641,0.00049950526,0.8,0.82,7.2231593,0.95692873
2970,0.9511999999999992,0.40376273,0,0,0.14635247,1.0901487,0.0004995044,0.88,0.9,7.3176236,0.97399
2975,0.8675999999999991,1.4041313,0,0,0.15957227,2.6567118,0.0004995036,0.9,0.9,7.978614,0.9565642
2980,0.6966999999999995,1.0784664,0,0,0.14165725,3.0135703,0.00049950276,0.9,0.9,7.0828624,0.9463421
2985,0.4845999999999998,0.23962007,0,0,0.17115334,2.47819,0.00049950194,0.92,0.9,8.557667,0.95411074
2990,0.5265999999999998,0.5456975,0,0,0.1133006,1.5396585,0.0004995011,0.84,0.8,5.66503,0.93190604
2995,0.8237999999999995,0.32265568,0,0,0.15881874,2.0383358,0.00049950025,0.64,0.62,7.940937,0.95672125
